id P0_x P0_y P1_x P1_y P2_x P2_y P3_x P3_y
A01 17.46 1.82 12.21 1.80 12.18 3.97 17.46 4.00
A02 17.50 4.18 12.22 4.19 12.27 6.36 17.51 6.44
A03 17.43 6.71 12.20 6.66 12.20 8.90 17.42 8.91
A04 17.55 10.74 12.34 10.79 12.33 13.03 17.55 13.03
A05 17.59 14.92 12.37 14.95 12.35 17.20 17.59 17.16
A06 24.45 10.66 29.65 10.62 29.70 12.88 24.47 12.84
A07 24.49 6.45 29.76 6.40 29.75 8.66 24.48 8.68
A08 24.48 4.04 29.79 3.99 29.82 6.19 24.57 6.22
A09 24.58 1.67 29.79 1.57 29.81 3.80 24.51 3.83
A10 35.35 1.66 30.05 1.61 30.06 3.83 35.37 3.83
A11 35.32 4.13 30.02 4.10 30.01 6.33 35.31 6.34
A12 35.35 6.52 30.03 6.51 30.05 8.72 35.35 8.75
A13 35.35 10.56 30.04 10.60 30.06 12.84 35.35 12.87
A14 41.97 14.89 47.23 14.91 47.20 17.09 41.93 17.05
A15 41.89 12.49 47.16 12.51 47.11 14.72 41.91 14.64
A16 41.88 10.04 47.13 10.05 47.12 12.26 41.86 12.25
A17 41.79 6.47 47.06 6.49 47.07 8.73 41.80 8.71
A18 41.80 4.12 47.08 4.10 47.07 6.29 41.81 6.32
A19 41.79 1.65 47.04 1.65 47.05 3.86 41.83 3.82
A20 52.58 3.88 47.31 3.86 47.28 1.68 52.54 1.68
A21 52.60 6.28 47.39 6.31 47.37 4.04 52.61 4.06
A22 52.70 8.69 47.40 8.72 47.40 6.47 52.65 6.48
A23 52.66 12.24 47.39 12.26 47.36 10.08 52.64 10.05
A24 52.64 14.66 47.38 14.66 47.41 12.45 52.65 12.46
A25 52.70 17.05 47.42 17.06 47.44 14.89 52.73 14.89
A26 59.84 7.99 65.50 8.01 65.53 5.64 59.76 5.68
A27 67.08 -6.11 67.09 -11.51 64.88 -11.51 64.85 -6.12
A28 64.73 -6.12 64.74 -11.52 62.53 -11.52 62.51 -6.13
A29 62.35 -6.15 62.37 -11.54 60.16 -11.56 60.14 -6.15
A30 58.83 -6.14 58.82 -11.57 56.60 -11.59 56.59 -6.16
A31 56.45 -6.13 56.43 -11.56 54.22 -11.58 54.23 -6.17
A32 54.05 -6.17 54.07 -11.57 51.85 -11.59 51.86 -6.19
A33 50.53 -6.16 50.51 -11.60 48.30 -11.62 48.33 -6.21
A34 48.17 -6.17 48.14 -11.62 45.95 -11.63 45.95 -6.22
A35 45.80 -6.19 45.76 -11.63 43.58 -11.64 43.56 -6.19
A36 42.23 -6.19 42.19 -11.63 40.00 -11.63 39.99 -6.24
A37 39.87 -6.21 39.84 -11.65 37.65 -11.66 37.65 -6.23
A38 37.49 -6.21 37.45 -11.63 35.25 -11.67 35.25 -6.27
A39 31.68 -6.30 31.67 -11.66 33.93 -11.65 33.89 -6.27
A40 29.31 -6.33 29.31 -11.65 31.56 -11.65 31.52 -6.28
A41 26.94 -6.33 26.92 -11.65 29.17 -11.67 29.13 -6.30
B01 3.02 4.20 8.27 4.20 8.27 1.97 3.00 1.97
B02 3.06 6.57 8.36 6.56 8.27 4.34 3.02 4.33
B03 3.14 8.95 8.38 8.94 8.32 6.72 3.08 6.73
B04 2.24 12.78 7.40 12.77 7.34 10.55 2.26 10.53
B05 2.25 15.17 7.40 15.17 7.34 12.93 2.26 12.92
B06 2.25 17.56 7.38 17.62 7.38 15.34 2.24 15.33
B07 2.26 19.96 7.35 19.99 7.39 17.76 2.24 17.71
B08 -31.77 -6.81 -31.77 -11.82 -33.96 -11.90 -34.01 -6.75
B09 -34.23 -6.76 -34.19 -11.78 -36.38 -11.87 -36.43 -6.71
B10 -36.61 -6.79 -36.58 -11.81 -38.77 -11.89 -38.83 -6.74
B11 -8.76 1.04 -8.73 6.18 -6.52 6.17 -6.51 1.03
B12 -11.16 0.98 -11.13 6.15 -8.91 6.16 -8.88 1.04
B13 -13.52 1.00 -13.52 6.14 -11.28 6.14 -11.28 1.00
B14 -17.21 0.99 -17.18 6.13 -14.93 6.13 -14.98 1.03
B15 -19.63 1.01 -19.57 6.11 -17.34 6.11 -17.37 1.00
B16 -21.98 1.01 -21.98 6.09 -19.72 6.10 -19.77 1.00
B17 -25.67 0.99 -25.68 6.16 -23.44 6.17 -23.45 1.02
B18 -28.06 0.95 -28.05 6.14 -25.82 6.14 -25.82 0.99
B19 -30.42 0.94 -30.45 6.11 -28.21 6.12 -28.19 0.96
B20 -33.98 0.94 -33.95 6.07 -31.72 6.10 -31.72 0.96
B21 -36.36 0.94 -36.36 6.07 -34.11 6.10 -34.10 0.95
B22 -38.78 0.93 -38.77 6.10 -36.52 6.06 -36.51 0.97
B23 -42.29 0.97 -42.30 6.10 -40.05 6.09 -40.00 0.98
B24 -45.75 0.94 -45.79 6.09 -43.54 6.08 -43.50 0.96
B25 -48.15 0.92 -48.18 6.08 -45.95 6.09 -45.89 0.94
B26 -50.55 0.91 -50.59 6.07 -48.34 6.09 -48.31 0.90
B27 -67.69 0.87 -67.63 6.02 -65.40 5.98 -65.45 0.88
B28 -70.08 0.86 -70.05 6.01 -67.81 6.03 -67.84 0.86
B29 -72.50 0.83 -72.44 6.03 -70.18 6.02 -70.25 0.87
B30 -75.97 0.84 -76.00 6.03 -73.78 6.02 -73.73 0.86
B31 -78.35 0.84 -78.40 6.02 -76.18 6.03 -76.11 0.83
B32 -80.76 0.85 -80.79 6.02 -78.56 6.04 -78.52 0.85
B33 -84.44 0.84 -84.42 6.03 -82.22 6.02 -82.19 0.85
B34 -86.84 0.86 -86.86 5.99 -84.57 6.02 -84.59 0.82
B35 -89.20 0.89 -89.23 6.02 -87.00 6.00 -86.97 0.89
B36 -86.98 12.16 -86.98 7.02 -89.23 7.03 -89.21 12.14
B37 -84.61 12.17 -84.62 7.01 -86.86 7.02 -86.84 12.14
B38 -82.22 12.18 -82.22 7.04 -84.46 7.01 -84.44 12.16
B39 -78.62 12.17 -78.58 7.04 -80.80 7.02 -80.81 12.18
B40 -76.22 12.20 -76.19 7.04 -78.40 7.03 -78.46 12.19
B41 -73.82 12.16 -73.77 7.05 -76.03 7.03 -76.07 12.21
B42 -70.12 12.20 -70.17 7.05 -72.45 7.04 -72.37 12.17
B43 -67.70 12.20 -67.75 7.06 -70.02 7.04 -69.95 12.18
B44 -65.33 12.24 -65.42 7.01 -67.60 7.05 -67.56 12.21
B45 -48.44 12.24 -48.34 7.09 -50.56 7.10 -50.68 12.25
B46 -45.99 12.23 -45.94 7.10 -48.19 7.08 -48.31 12.23
B47 -43.65 12.25 -43.56 7.09 -45.79 7.10 -45.80 12.22
B48 -40.02 12.26 -40.04 7.11 -42.30 7.11 -42.27 12.26
B49 -36.57 12.31 -36.50 7.16 -38.74 7.13 -38.80 12.27
B50 -34.17 12.24 -34.15 7.20 -36.35 7.14 -36.42 12.30
B51 -31.74 12.26 -31.73 7.24 -33.91 7.15 -33.97 12.31
B52 -28.13 12.38 -28.18 7.22 -30.47 7.21 -30.35 12.37
B53 -25.71 12.39 -25.77 7.24 -28.05 7.22 -27.95 12.36
B54 -23.30 12.41 -23.34 7.24 -25.63 7.22 -25.53 12.37
B55 -19.74 12.38 -19.72 7.14 -21.96 7.13 -21.99 12.32
B56 -17.34 12.35 -17.32 7.12 -19.56 7.10 -19.59 12.29
B57 -14.96 12.38 -14.94 7.15 -17.18 7.13 -17.20 12.33
B58 -11.32 12.41 -11.23 7.15 -13.52 7.13 -13.55 12.41
B59 -8.93 12.42 -8.84 7.14 -11.12 7.12 -11.16 12.43
B60 -6.54 12.43 -6.45 7.17 -8.72 7.15 -8.76 12.42
B61 -25.47 20.34 -25.48 25.54 -23.39 25.49 -23.38 20.38
E01 2.33 34.83 7.49 34.86 7.43 32.60 2.33 32.59
E02 2.34 37.22 7.50 37.25 7.44 34.99 2.35 34.97
E03 2.35 39.60 7.50 39.63 7.44 37.37 2.35 37.34
E04 2.34 42.00 7.49 42.04 7.47 39.82 2.36 39.74
E05 -5.52 32.50 -10.62 32.52 -10.64 34.74 -5.54 34.77
E06 -5.51 34.91 -10.63 34.88 -10.63 37.14 -5.50 37.17
E07 -5.53 37.31 -10.63 37.28 -10.64 39.54 -5.51 39.56
E08 -5.49 39.69 -10.65 39.71 -10.66 41.94 -5.52 41.93
E09 -11.18 43.01 -11.25 37.87 -13.49 37.84 -13.42 42.98
E10 -14.86 43.03 -14.92 37.88 -17.16 37.85 -17.10 43.00
E11 -17.26 43.02 -17.33 37.88 -19.56 37.85 -19.50 42.99
E12 -19.67 42.95 -19.72 37.80 -21.95 37.77 -21.90 42.91
E13 -25.58 42.86 -25.59 37.79 -27.82 37.82 -27.83 42.88
E14 -27.99 42.86 -27.99 37.82 -30.19 37.79 -30.22 42.88
E15 -31.67 42.89 -31.61 37.78 -33.81 37.75 -33.89 42.89
E16 -34.06 42.87 -34.00 37.76 -36.22 37.73 -36.28 42.89
E17 -36.44 42.86 -36.39 37.76 -38.60 37.74 -38.66 42.89
E18 -40.09 42.87 -40.13 37.75 -42.06 37.73 -42.08 42.84
E19 -44.35 42.82 -44.40 37.71 -46.61 37.69 -46.57 42.84
E20 -46.74 42.83 -46.81 37.72 -49.01 37.70 -48.97 42.86
E21 -49.16 42.81 -49.21 37.70 -51.43 37.68 -51.38 42.84
E22 -53.53 42.85 -53.47 37.68 -55.44 37.66 -55.47 42.79
E23 -56.87 42.83 -56.87 37.65 -59.09 37.62 -59.10 42.83
E24 -59.25 42.81 -59.28 37.63 -61.48 37.60 -61.48 42.82
E25 -61.62 42.82 -61.66 37.64 -63.88 37.61 -63.87 42.82
E26 -65.24 42.75 -65.22 37.58 -67.46 37.58 -67.48 42.76
E27 -67.66 42.79 -67.64 37.61 -69.87 37.61 -69.88 42.78
E28 -70.04 42.76 -70.03 37.58 -72.26 37.58 -72.27 42.75
E29 -76.05 42.66 -76.07 37.51 -78.29 37.51 -78.29 42.67
E30 -78.45 42.71 -78.46 37.55 -80.68 37.55 -80.68 42.71
E31 -82.04 42.67 -81.95 37.51 -84.23 37.53 -84.30 42.66
E32 -84.45 42.60 -84.43 37.49 -86.64 37.49 -86.67 42.63
E33 -86.84 42.64 -86.80 37.52 -89.02 37.52 -89.06 42.65
E34 -89.12 50.34 -89.19 55.49 -86.94 55.50 -86.89 50.33
E35 -86.70 50.35 -86.77 55.49 -84.51 55.50 -84.48 50.34
E36 -84.32 50.32 -84.34 55.49 -82.10 55.49 -82.05 50.32
E37 -80.72 50.36 -80.74 55.53 -78.49 55.55 -78.45 50.38
E38 -78.32 50.38 -78.34 55.54 -76.10 55.57 -76.07 50.38
E39 -75.92 50.39 -75.93 55.56 -73.69 55.54 -73.68 50.39
E40 -72.33 50.41 -72.30 55.58 -70.08 55.58 -70.07 50.42
E41 -69.90 50.41 -69.89 55.57 -67.67 55.59 -67.67 50.42
E42 -67.50 50.42 -67.49 55.59 -65.29 55.60 -65.28 50.41
E43 -63.96 50.45 -63.97 55.58 -61.72 55.58 -61.75 50.45
E44 -61.60 50.46 -61.55 55.58 -59.34 55.59 -59.35 50.48
E45 -59.18 50.47 -59.16 55.59 -56.91 55.59 -56.94 50.52
E46 -42.18 50.41 -42.15 55.69 -39.92 55.66 -39.95 50.47
E47 -38.74 50.44 -38.70 55.72 -36.47 55.69 -36.51 50.49
E48 -36.32 50.50 -36.29 55.78 -34.07 55.75 -34.10 50.49
E49 -33.94 50.51 -33.90 55.79 -31.68 55.76 -31.67 50.51
E50 -25.39 49.80 -25.39 54.71 -23.27 54.87 -23.18 49.75
E51 -21.84 50.57 -21.84 55.84 -19.69 55.79 -19.63 50.58
E52 -19.49 50.58 -19.52 55.81 -17.29 55.81 -17.28 50.58
E53 -17.13 50.56 -17.11 55.85 -14.87 55.84 -14.86 50.57
E54 -13.48 50.58 -13.48 55.87 -11.22 55.87 -11.26 50.60
E55 -11.12 50.55 -11.09 55.83 -8.85 55.83 -8.88 50.55
E56 -8.70 50.61 -8.70 55.88 -6.46 55.87 -6.49 50.59
E57 -5.13 50.60 -5.10 55.88 -2.85 55.86 -2.88 50.60
E58 -2.72 50.62 -2.70 55.89 -0.45 55.89 -0.49 50.62
E59 -0.33 50.60 -0.28 55.89 1.95 55.88 1.91 50.63
F01 14.60 51.31 14.64 56.46 12.38 56.46 12.38 51.29
F02 17.00 51.30 17.05 56.44 14.79 56.44 14.77 51.30
F03 20.60 51.30 20.63 56.43 18.39 56.44 18.38 51.29
F04 23.00 51.33 23.10 56.42 20.83 56.44 20.79 51.31
F05 25.45 51.30 25.56 56.42 23.29 56.43 23.19 51.28
F06 29.06 51.30 29.16 56.42 26.89 56.41 26.79 51.30
F07 31.44 51.27 31.55 56.40 29.30 56.41 29.18 51.26
F08 33.87 51.27 33.99 56.41 31.74 56.41 31.61 51.28
F09 37.45 51.25 37.51 56.40 35.25 56.39 35.18 51.25
F10 37.59 51.23 37.65 56.40 39.88 56.39 39.84 51.23
F11 40.01 51.23 40.07 56.40 42.30 56.38 42.26 51.24
F12 43.60 51.22 43.66 56.38 45.87 56.39 45.84 51.23
F13 46.01 51.22 46.06 56.38 48.29 56.38 48.26 51.23
F14 48.40 51.25 48.46 56.38 50.68 56.38 50.65 51.27
F15 51.95 51.20 51.99 56.37 54.22 56.37 54.20 51.22
F16 54.33 51.22 54.40 56.35 56.60 56.36 56.59 51.23
F17 56.75 51.24 56.80 56.36 59.08 56.36 59.00 51.08
F18 60.40 48.43 65.78 48.41 65.79 46.15 60.42 46.17
F19 60.42 46.02 65.75 46.00 65.76 43.74 60.45 43.76
F20 60.32 33.87 65.64 33.85 65.65 31.57 60.30 31.64
F21 60.31 31.50 65.63 31.48 65.64 29.20 60.31 29.25
F22 60.32 29.10 65.65 29.07 65.65 26.79 60.31 26.83
F23 60.30 25.50 65.64 25.48 65.64 23.19 60.29 23.24
F24 60.28 23.09 65.60 23.07 65.61 20.79 60.25 20.82
F25 60.27 20.71 65.60 20.69 65.61 18.41 60.25 18.44
F26 52.63 20.71 47.28 20.73 47.26 18.47 52.63 18.44
F27 52.65 23.10 47.31 23.12 47.29 20.85 52.66 20.83
F28 52.67 25.51 47.32 25.53 47.31 23.27 52.67 23.24
F29 52.69 29.09 47.34 29.09 47.33 26.85 52.67 26.84
F30 52.69 31.49 47.37 31.50 47.34 29.26 52.67 29.24
F31 52.71 33.88 47.35 33.90 47.36 31.66 52.69 31.63
F32 52.72 37.48 47.36 37.51 47.38 35.25 52.71 35.22
F33 52.74 39.89 47.36 39.94 47.40 37.65 52.73 37.62
F34 52.76 42.30 47.39 42.34 47.41 40.07 52.76 40.05
F35 41.87 40.04 47.24 40.05 47.24 42.30 41.89 42.32
F36 41.88 37.64 47.27 37.66 47.24 39.91 41.92 39.93
F37 41.88 35.25 47.25 35.26 47.23 37.52 41.89 37.54
F38 41.84 31.64 47.21 31.65 47.20 33.91 41.87 33.92
F39 41.82 29.27 47.20 29.26 47.19 31.48 41.86 31.53
F40 41.85 26.85 47.19 26.85 47.19 29.08 41.86 29.11
F41 41.83 23.28 47.17 23.25 47.15 25.49 41.81 25.52
F42 41.79 20.85 47.16 20.86 47.15 23.12 41.80 23.14
F43 41.80 18.50 47.11 18.44 47.15 20.70 41.83 20.71
F44 35.53 40.07 30.17 40.09 30.17 42.35 35.52 42.31
F45 35.48 37.67 30.13 37.68 30.13 39.94 35.47 39.91
F46 35.47 35.28 30.12 35.28 30.14 37.56 35.46 37.51
F47 35.46 31.67 30.11 31.67 30.09 33.96 35.46 33.91
F48 35.45 29.26 30.10 29.28 30.08 31.55 35.46 31.51
F49 35.43 26.86 30.08 26.88 30.07 29.16 35.44 29.12
F50 35.40 23.26 30.06 23.28 30.03 25.56 35.44 25.54
F51 35.37 20.85 30.02 20.88 30.02 23.15 35.39 23.10
F51-1 35.38 18.52 30.03 18.52 30.03 20.72 35.41 20.72
F52 24.51 18.51 29.83 18.50 29.88 20.75 24.52 20.75
F53 24.51 20.91 29.86 20.90 29.89 23.13 24.55 23.16
F54 24.54 23.30 29.91 23.31 29.92 25.56 24.57 25.57
F55 24.58 26.90 29.90 26.89 29.93 29.14 24.58 29.15
F56 24.56 29.30 29.92 29.29 29.94 31.52 24.58 31.56
F57 24.59 31.68 29.93 31.68 29.95 33.94 24.59 33.94
F58 24.61 35.31 29.97 35.30 30.01 37.56 24.65 37.56
F59 24.63 37.71 29.97 37.69 30.03 39.96 24.66 39.95
F60 24.64 40.08 29.99 40.09 30.02 42.35 24.66 42.35
F61 17.79 40.15 12.42 40.18 12.42 42.37 17.72 42.42
F62 17.74 37.78 12.46 37.76 12.43 39.98 17.78 40.01
F63 17.77 35.34 12.41 35.39 12.47 37.61 17.73 37.61
F64 17.72 31.76 12.41 31.82 12.42 34.07 17.76 34.01
F65 17.70 29.32 12.36 29.43 12.38 31.64 17.74 31.58
F66 17.75 26.91 12.34 27.04 12.33 29.31 17.69 29.16
F67 17.63 20.86 12.30 20.87 12.33 23.14 17.71 23.09
F68 17.60 18.46 12.28 18.48 12.31 20.72 17.62 20.72