01890,58.666667 -9.100000 1.562070
01891,58.755556 -9.095000 1.554243
01892,58.844444 -9.090000 1.546408
01893,58.933333 -9.085000 1.538565
01894,59.022222 -9.080000 1.530716
01895,59.111111 -9.075000 1.522860
01896,59.200000 -9.070000 1.515000
01897,59.288889 -9.065000 1.507136
01898,59.377778 -9.060000 1.499269
01899,59.466667 -9.055000 1.491400
01900,59.555556 -9.050000 1.483530
01901,59.644444 -9.045000 1.475660
01902,59.733333 -9.040000 1.467791
01903,59.822222 -9.035000 1.459924
01904,59.911111 -9.030000 1.452060
01905,60.000000 -9.025000 1.444199
01906,60.088889 -9.020000 1.436344
01907,60.177778 -9.015000 1.428494
01908,60.266667 -9.010000 1.420651
01909,60.355556 -9.005000 1.412816
01910,60.444444 -9.000000 1.404990
01911,60.544444 -8.980000 1.395441
01912,60.644444 -8.960000 1.385876
01913,60.744444 -8.940000 1.376297
01914,60.844444 -8.920000 1.366706
01915,60.944444 -8.900000 1.357104
01916,61.044444 -8.880000 1.347494
01917,61.144444 -8.860000 1.337876
01918,61.244444 -8.840000 1.328252
01919,61.344444 -8.820000 1.318626
01920,61.444444 -8.800000 1.308997
01921,61.544444 -8.780000 1.299368
01922,61.644444 -8.760000 1.289742
01923,61.744444 -8.740000 1.280118
01924,61.844444 -8.720000 1.270500
01925,61.944444 -8.700000 1.260890
01926,62.044444 -8.680000 1.251288
01927,62.144444 -8.660000 1.241696
01928,62.244444 -8.640000 1.232118
01929,62.344444 -8.620000 1.222553
01930,62.444444 -8.600000 1.213004
01931,62.572222 -8.535000 1.198354
01932,62.700000 -8.470000 1.183647
01933,62.827778 -8.405000 1.168887
01934,62.955556 -8.340000 1.154082
01935,63.083333 -8.275000 1.139238
01936,63.211111 -8.210000 1.124360
01937,63.338889 -8.145000 1.109456
01938,63.466667 -8.080000 1.094532
01939,63.594444 -8.015000 1.079595
01940,63.722222 -7.950000 1.064651
01941,63.850000 -7.885000 1.049707
01942,63.977778 -7.820000 1.034770
01943,64.105556 -7.755000 1.019846
01944,64.233333 -7.690000 1.004942
01945,64.361111 -7.625000 0.990064
01946,64.488889 -7.560000 0.975219
01947,64.616667 -7.495000 0.960414
01948,64.744444 -7.430000 0.945655
01949,64.872222 -7.365000 0.930947
01950,65.000000 -7.300000 0.916298
01951,65.038889 -7.245000 0.904610
01952,65.077778 -7.190000 0.892893
01953,65.116667 -7.135000 0.881150
01954,65.155556 -7.080000 0.869384
01955,65.194444 -7.025000 0.857598
01956,65.233333 -6.970000 0.845796
01957,65.272222 -6.915000 0.833981
01958,65.311111 -6.860000 0.822155
01959,65.350000 -6.805000 0.810323
01960,65.388889 -6.750000 0.798488
01961,65.427778 -6.695000 0.786653
01962,65.466667 -6.640000 0.774821
01963,65.505556 -6.585000 0.762996
01964,65.544444 -6.530000 0.751180
01965,65.583333 -6.475000 0.739378
01966,65.622222 -6.420000 0.727592
01967,65.661111 -6.365000 0.715826
01968,65.700000 -6.310000 0.704083
01969,65.738889 -6.255000 0.692366
01970,65.777778 -6.200000 0.680678
01971,65.811111 -6.110000 0.658652
01972,65.844444 -6.020000 0.636422
01973,65.877778 -5.930000 0.614008
01974,65.911111 -5.840000 0.591431
01975,65.944444 -5.750000 0.568711
01976,65.977778 -5.660000 0.545872
01977,66.011111 -5.570000 0.522936
01978,66.044444 -5.480000 0.499926
01979,66.077778 -5.390000 0.476868
01980,66.111111 -5.300000 0.453786
01981,66.144444 -5.210000 0.430703
01982,66.177778 -5.120000 0.407645
01983,66.211111 -5.030000 0.384636
01984,66.244444 -4.940000 0.361700
01985,66.277778 -4.850000 0.338860
01986,66.311111 -4.760000 0.316141
01987,66.344444 -4.670000 0.293563
01988,66.377778 -4.580000 0.271149
01989,66.411111 -4.490000 0.248919
01990,66.444444 -4.400000 0.226893
01991,66.472222 -4.335000 0.227329
01992,66.500000 -4.270000 0.227765
01993,66.527778 -4.205000 0.228202
01994,66.555556 -4.140000 0.228638
01995,66.583333 -4.075000 0.229074
01996,66.611111 -4.010000 0.229511
01997,66.638889 -3.945000 0.229947
01998,66.666667 -3.880000 0.230383
01999,66.694444 -3.815000 0.230820
02000,66.722222 -3.750000 0.231256
02001,66.750000 -3.685000 0.231692
02002,66.777778 -3.620000 0.232129
02003,66.805556 -3.555000 0.232565
02004,66.833333 -3.490000 0.233001
02005,66.861111 -3.425000 0.233438
02006,66.888889 -3.360000 0.233874
02007,66.916667 -3.295000 0.234310
02008,66.944444 -3.230000 0.234747
02009,66.972222 -3.165000 0.235183
02010,67.000000 -3.100000 0.235619
02011,67.005556 -3.005000 0.231261
02012,67.011111 -2.910000 0.226901
02013,67.016667 -2.815000 0.222539
02014,67.022222 -2.720000 0.218177
02015,67.027778 -2.625000 0.213813
02016,67.033333 -2.530000 0.209449
02017,67.038889 -2.435000 0.205084
02018,67.044444 -2.340000 0.200718
02019,67.050000 -2.245000 0.196352
02020,67.055556 -2.150000 0.191986
02021,67.061111 -2.055000 0.187620
02022,67.066667 -1.960000 0.183254
02023,67.072222 -1.865000 0.178889
02024,67.077778 -1.770000 0.174524
02025,67.083333 -1.675000 0.170159
02026,67.088889 -1.580000 0.165796
02027,67.094444 -1.485000 0.161433
02028,67.100000 -1.390000 0.157072
02029,67.105556 -1.295000 0.152712
02030,67.111111 -1.200000 0.148353
02031,67.100000 -1.145000 0.142691
02032,67.088889 -1.090000 0.137026
02033,67.077778 -1.035000 0.131358
02034,67.066667 -0.980000 0.125687
02035,67.055556 -0.925000 0.120014
02036,67.044444 -0.870000 0.114340
02037,67.033333 -0.815000 0.108663
02038,67.022222 -0.760000 0.102986
02039,67.011111 -0.705000 0.097308
02040,67.000000 -0.650000 0.091630
02041,66.988889 -0.595000 0.085951
02042,66.977778 -0.540000 0.080273
02043,66.966667 -0.485000 0.074596
02044,66.955556 -0.430000 0.068920
02045,66.944444 -0.375000 0.063245
02046,66.933333 -0.320000 0.057572
02047,66.922222 -0.265000 0.051902
02048,66.911111 -0.210000 0.046234
02049,66.900000 -0.155000 0.040569
02050,66.888889 -0.100000 0.034907
02051,66.886420 0.012222 0.034655
02052,66.883951 0.124444 0.034402
02053,66.881481 0.236667 0.034150
02054,66.879012 0.348889 0.033898
02055,66.876543 0.461111 0.033646
02056,66.874074 0.573333 0.033394
02057,66.871605 0.685556 0.033142
02058,66.869136 0.797778 0.032890
02059,66.866667 0.910000 0.032638
02060,66.864198 1.022222 0.032386
02061,66.861728 1.134444 0.032134
02062,66.859259 1.246667 0.031882
02063,66.856790 1.358889 0.031629
02064,66.854321 1.471111 0.031377
02065,66.851852 1.583333 0.031125
02066,66.849383 1.695556 0.030873
02067,66.846914 1.807778 0.030621
02068,66.844444 1.920000 0.030369
02069,66.841975 2.032222 0.030117
02070,66.839506 2.144444 0.029865
02071,66.837037 2.256667 0.029613
02072,66.834568 2.368889 0.029361
02073,66.832099 2.481111 0.029108
02074,66.829630 2.593333 0.028856
02075,66.827160 2.705556 0.028604
02076,66.824691 2.817778 0.028352
02077,66.822222 2.930000 0.028100
02078,66.819753 3.042222 0.027848
02079,66.817284 3.154444 0.027596
02080,66.814815 3.266667 0.027344
02081,66.812346 3.378889 0.027092
02082,66.809877 3.491111 0.026839
02083,66.807407 3.603333 0.026587
02084,66.804938 3.715556 0.026335
02085,66.802469 3.827778 0.026083
02086,66.800000 3.940000 0.025831
02087,66.797531 4.052222 0.025579
02088,66.795062 4.164444 0.025327
02089,66.792593 4.276667 0.025075
02090,66.790123 4.388889 0.024823
02091,66.787654 4.501111 0.024570
02092,66.785185 4.613333 0.024318
02093,66.782716 4.725556 0.024066
02094,66.780247 4.837778 0.023814
02095,66.777778 4.950000 0.023562
02096,66.775309 5.062222 0.023310
02097,66.772840 5.174444 0.023058
02098,66.770370 5.286667 0.022806
02099,66.767901 5.398889 0.022553
02100,66.765432 5.511111 0.022301
02101,66.762963 5.623333 0.022049
02102,66.760494 5.735556 0.021797
02103,66.758025 5.847778 0.021545
02104,66.755556 5.960000 0.021293
02105,66.753086 6.072222 0.021041
02106,66.750617 6.184444 0.020789
02107,66.748148 6.296667 0.020537
02108,66.745679 6.408889 0.020284
02109,66.743210 6.521111 0.020032
02110,66.740741 6.633333 0.019780
02111,66.738272 6.745556 0.019528
02112,66.735802 6.857778 0.019276
02113,66.733333 6.970000 0.019024
02114,66.730864 7.082222 0.018772
02115,66.728395 7.194444 0.018520
02116,66.725926 7.306667 0.018268
02117,66.723457 7.418889 0.018015
02118,66.720988 7.531111 0.017763
02119,66.718519 7.643333 0.017511
02120,66.716049 7.755556 0.017259
02121,66.713580 7.867778 0.017007
02122,66.711111 7.980000 0.016755
02123,66.708642 8.092222 0.016503
02124,66.706173 8.204444 0.016251
02125,66.703704 8.316667 0.015999
02126,66.701235 8.428889 0.015747
02127,66.698765 8.541111 0.015494
02128,66.696296 8.653333 0.015242
02129,66.693827 8.765556 0.014990
02130,66.691358 8.877778 0.014738
02131,66.688889 8.990000 0.014486
02132,66.686420 9.102222 0.014234
02133,66.683951 9.214444 0.013982
02134,66.681481 9.326667 0.013730
02135,66.679012 9.438889 0.013478
02136,66.676543 9.551111 0.013226
02137,66.674074 9.663333 0.012974
02138,66.671605 9.775556 0.012721
02139,66.669136 9.887778 0.012469
02140,66.666667 10.000000 0.012217
02141,66.677778 10.150000 0.011868
02142,66.688889 10.300000 0.011519
02143,66.700000 10.450000 0.011170
02144,66.711111 10.600000 0.010821
02145,66.722222 10.750000 0.010472
02146,66.733333 10.900000 0.010123
02147,66.744444 11.050000 0.009774
02148,66.755556 11.200000 0.009425
02149,66.766667 11.350000 0.009076
02150,66.777778 11.500000 0.008727
02151,66.777778 11.615000 0.008824
02152,66.777778 11.730000 0.008921
02153,66.777778 11.845000 0.009018
02154,66.777778 11.960000 0.009114
02155,66.777778 12.075000 0.009211
02156,66.777778 12.190000 0.009308
02157,66.777778 12.305000 0.009405
02158,66.777778 12.420000 0.009502
02159,66.777778 12.535000 0.009599
02160,66.777778 12.650000 0.009696
02161,66.777778 12.765000 0.009793
02162,66.777778 12.880000 0.009890
02163,66.777778 12.995000 0.009987
02164,66.777778 13.110000 0.010084
02165,66.777778 13.225000 0.010181
02166,66.777778 13.340000 0.010278
02167,66.777778 13.455000 0.010375
02168,66.777778 13.570000 0.010472
02169,66.777778 13.685000 0.010569
02170,66.777778 13.800000 0.010666
02171,66.777778 13.915000 0.010763
02172,66.777778 14.030000 0.010860
02173,66.777778 14.145000 0.010957
02174,66.777778 14.260000 0.011054
02175,66.777778 14.375000 0.011151
02176,66.777778 14.490000 0.011248
02177,66.777778 14.605000 0.011345
02178,66.777778 14.720000 0.011442
02179,66.777778 14.835000 0.011538
02180,66.777778 14.950000 0.011635
02181,66.777778 15.065000 0.011732
02182,66.777778 15.180000 0.011829
02183,66.777778 15.295000 0.011926
02184,66.777778 15.410000 0.012023
02185,66.777778 15.525000 0.012120
02186,66.777778 15.640000 0.012217
02187,66.777778 15.755000 0.012314
02188,66.777778 15.870000 0.012411
02189,66.777778 15.985000 0.012508
02190,66.777778 16.100000 0.012605
02191,66.777778 16.215000 0.012702
02192,66.777778 16.330000 0.012799
02193,66.777778 16.445000 0.012896
02194,66.777778 16.560000 0.012993
02195,66.777778 16.675000 0.013090
02196,66.777778 16.790000 0.013187
02197,66.777778 16.905000 0.013284
02198,66.777778 17.020000 0.013381
02199,66.777778 17.135000 0.013478
02200,66.777778 17.250000 0.013575
02201,66.777778 17.365000 0.013672
02202,66.777778 17.480000 0.013769
02203,66.777778 17.595000 0.013866
02204,66.777778 17.710000 0.013963
02205,66.777778 17.825000 0.014060
02206,66.777778 17.940000 0.014156
02207,66.777778 18.055000 0.014253
02208,66.777778 18.170000 0.014350
02209,66.777778 18.285000 0.014447
02210,66.777778 18.400000 0.014544
02211,66.777778 18.515000 0.014641
02212,66.777778 18.630000 0.014738
02213,66.777778 18.745000 0.014835
02214,66.777778 18.860000 0.014932
02215,66.777778 18.975000 0.015029
02216,66.777778 19.090000 0.015126
02217,66.777778 19.205000 0.015223
02218,66.777778 19.320000 0.015320
02219,66.777778 19.435000 0.015417
02220,66.777778 19.550000 0.015514
02221,66.777778 19.665000 0.015611
02222,66.777778 19.780000 0.015708
02223,66.777778 19.895000 0.015805
02224,66.777778 20.010000 0.015902
02225,66.777778 20.125000 0.015999
02226,66.777778 20.240000 0.016096
02227,66.777778 20.355000 0.016193
02228,66.777778 20.470000 0.016290
02229,66.777778 20.585000 0.016387
02230,66.777778 20.700000 0.016484
02231,66.777778 20.815000 0.016581
02232,66.777778 20.930000 0.016678
02233,66.777778 21.045000 0.016775
02234,66.777778 21.160000 0.016872
02235,66.777778 21.275000 0.016968
02236,66.777778 21.390000 0.017065
02237,66.777778 21.505000 0.017162
02238,66.777778 21.620000 0.017259
02239,66.777778 21.735000 0.017356
02240,66.777778 21.850000 0.017453
02241,66.777778 21.965000 0.017550
02242,66.777778 22.080000 0.017647
02243,66.777778 22.195000 0.017744
02244,66.777778 22.310000 0.017841
02245,66.777778 22.425000 0.017938
02246,66.777778 22.540000 0.018035
02247,66.777778 22.655000 0.018132
02248,66.777778 22.770000 0.018229
02249,66.777778 22.885000 0.018326
02250,66.777778 23.000000 0.018423
02251,66.777778 23.115000 0.018520
02252,66.777778 23.230000 0.018617
02253,66.777778 23.345000 0.018714
02254,66.777778 23.460000 0.018811
02255,66.777778 23.575000 0.018908
02256,66.777778 23.690000 0.019005
02257,66.777778 23.805000 0.019102
02258,66.777778 23.920000 0.019199
02259,66.777778 24.035000 0.019296
02260,66.777778 24.150000 0.019393
02261,66.777778 24.265000 0.019490
02262,66.777778 24.380000 0.019587
02263,66.777778 24.495000 0.019683
02264,66.777778 24.610000 0.019780
02265,66.777778 24.725000 0.019877
02266,66.777778 24.840000 0.019974
02267,66.777778 24.955000 0.020071
02268,66.777778 25.070000 0.020168
02269,66.777778 25.185000 0.020265
02270,66.777778 25.300000 0.020362
02271,66.777778 25.415000 0.020459
02272,66.777778 25.530000 0.020556
02273,66.777778 25.645000 0.020653
02274,66.777778 25.760000 0.020750
02275,66.777778 25.875000 0.020847
02276,66.777778 25.990000 0.020944
02277,66.777778 26.105000 0.021041
02278,66.777778 26.220000 0.021138
02279,66.777778 26.335000 0.021235
02280,66.777778 26.450000 0.021332
02281,66.777778 26.565000 0.021429
02282,66.777778 26.680000 0.021526
02283,66.777778 26.795000 0.021623
02284,66.777778 26.910000 0.021720
02285,66.777778 27.025000 0.021817
02286,66.777778 27.140000 0.021914
02287,66.777778 27.255000 0.022011
02288,66.777778 27.370000 0.022108
02289,66.777778 27.485000 0.022205
02290,66.777778 27.600000 0.022302
02291,66.777778 27.715000 0.022398
02292,66.777778 27.830000 0.022495
02293,66.777778 27.945000 0.022592
02294,66.777778 28.060000 0.022689
02295,66.777778 28.175000 0.022786
02296,66.777778 28.290000 0.022883
02297,66.777778 28.405000 0.022980
02298,66.777778 28.520000 0.023077
02299,66.777778 28.635000 0.023174
02300,66.777778 28.750000 0.023271
02301,66.777778 28.865000 0.023368
02302,66.777778 28.980000 0.023465
02303,66.777778 29.095000 0.023562
02304,66.777778 29.210000 0.023659
02305,66.777778 29.325000 0.023756
02306,66.777778 29.440000 0.023853
02307,66.777778 29.555000 0.023950
02308,66.777778 29.670000 0.024047
02309,66.777778 29.785000 0.024144
02310,66.777778 29.900000 0.024241
02311,66.777778 30.015000 0.024338
02312,66.777778 30.130000 0.024435
02313,66.777778 30.245000 0.024532
02314,66.777778 30.360000 0.024629
02315,66.777778 30.475000 0.024726
02316,66.777778 30.590000 0.024823
02317,66.777778 30.705000 0.024919
02318,66.777778 30.820000 0.025016
02319,66.777778 30.935000 0.025113
02320,66.777778 31.050000 0.025210
02321,66.777778 31.165000 0.025307
02322,66.777778 31.280000 0.025404
02323,66.777778 31.395000 0.025501
02324,66.777778 31.510000 0.025598
02325,66.777778 31.625000 0.025695
02326,66.777778 31.740000 0.025792
02327,66.777778 31.855000 0.025889
02328,66.777778 31.970000 0.025986
02329,66.777778 32.085000 0.026083
02330,66.777778 32.200000 0.026180
02331,66.783333 32.305000 0.019218
02332,66.788889 32.410000 0.012250
02333,66.794444 32.515000 0.005276
02334,66.800000 32.620000 -0.001702
02335,66.805556 32.725000 -0.008684
02336,66.811111 32.830000 -0.015670
02337,66.816667 32.935000 -0.022658
02338,66.822222 33.040000 -0.029649
02339,66.827778 33.145000 -0.036641
02340,66.833333 33.250000 -0.043633
02341,66.838889 33.355000 -0.050626
02342,66.844444 33.460000 -0.057618
02343,66.850000 33.565000 -0.064608
02344,66.855556 33.670000 -0.071597
02345,66.861111 33.775000 -0.078582
02346,66.866667 33.880000 -0.085565
02347,66.872222 33.985000 -0.092543
02348,66.877778 34.090000 -0.099516
02349,66.883333 34.195000 -0.106484
02350,66.888889 34.300000 -0.113446
02351,66.838889 34.440000 -0.128096
02352,66.788889 34.580000 -0.142803
02353,66.738889 34.720000 -0.157563
02354,66.688889 34.860000 -0.172368
02355,66.638889 35.000000 -0.187213
02356,66.588889 35.140000 -0.202090
02357,66.538889 35.280000 -0.216994
02358,66.488889 35.420000 -0.231918
02359,66.438889 35.560000 -0.246855
02360,66.388889 35.700000 -0.261799
02361,66.338889 35.840000 -0.276743
02362,66.288889 35.980000 -0.291681
02363,66.238889 36.120000 -0.306605
02364,66.188889 36.260000 -0.321509
02365,66.138889 36.400000 -0.336386
02366,66.088889 36.540000 -0.351231
02367,66.038889 36.680000 -0.366036
02368,65.988889 36.820000 -0.380795
02369,65.938889 36.960000 -0.395503
02370,65.888889 37.100000 -0.410152
02371,65.850000 37.160000 -0.420987
02372,65.811111 37.220000 -0.431844
02373,65.772222 37.280000 -0.442723
02374,65.733333 37.340000 -0.453619
02375,65.694444 37.400000 -0.464531
02376,65.655556 37.460000 -0.475456
02377,65.616667 37.520000 -0.486392
02378,65.577778 37.580000 -0.497335
02379,65.538889 37.640000 -0.508284
02380,65.500000 37.700000 -0.519235
02381,65.461111 37.760000 -0.530187
02382,65.422222 37.820000 -0.541136
02383,65.383333 37.880000 -0.552079
02384,65.344444 37.940000 -0.563015
02385,65.305556 38.000000 -0.573940
02386,65.266667 38.060000 -0.584852
02387,65.227778 38.120000 -0.595748
02388,65.188889 38.180000 -0.606627
02389,65.150000 38.240000 -0.617484
02390,65.111111 38.300000 -0.628319
02391,65.016667 38.330000 -0.649144
02392,64.922222 38.360000 -0.670140
02393,64.827778 38.390000 -0.691291
02394,64.733333 38.420000 -0.712578
02395,64.638889 38.450000 -0.733984
02396,64.544444 38.480000 -0.755490
02397,64.450000 38.510000 -0.777077
02398,64.355556 38.540000 -0.798724
02399,64.261111 38.570000 -0.820413
02400,64.166667 38.600000 -0.842121
02401,64.072222 38.630000 -0.863830
02402,63.977778 38.660000 -0.885518
02403,63.883333 38.690000 -0.907166
02404,63.788889 38.720000 -0.928753
02405,63.694444 38.750000 -0.950259
02406,63.600000 38.780000 -0.971665
02407,63.505556 38.810000 -0.992952
02408,63.411111 38.840000 -1.014102
02409,63.316667 38.870000 -1.035099
02410,63.222222 38.900000 -1.055924
02411,63.155556 38.915000 -1.065043
02412,63.088889 38.930000 -1.074176
02413,63.022222 38.945000 -1.083322
02414,62.955556 38.960000 -1.092477
02415,62.888889 38.975000 -1.101643
02416,62.822222 38.990000 -1.110816
02417,62.755556 39.005000 -1.119995
02418,62.688889 39.020000 -1.129179
02419,62.622222 39.035000 -1.138366
02420,62.555556 39.050000 -1.147554
02421,62.488889 39.065000 -1.156742
02422,62.422222 39.080000 -1.165929
02423,62.355556 39.095000 -1.175113
02424,62.288889 39.110000 -1.184292
02425,62.222222 39.125000 -1.193465
02426,62.155556 39.140000 -1.202630
02427,62.088889 39.155000 -1.211786
02428,62.022222 39.170000 -1.220932
02429,61.955556 39.185000 -1.230065
02430,61.888889 39.200000 -1.239184
02431,61.666667 39.193333 -1.249501
02432,61.444444 39.186667 -1.259849
02433,61.222222 39.180000 -1.270227
02434,61.000000 39.173333 -1.280633
02435,60.777778 39.166667 -1.291064
02436,60.555556 39.160000 -1.301517
02437,60.333333 39.153333 -1.311992
02438,60.111111 39.146667 -1.322485
02439,59.888889 39.140000 -1.332994
02440,59.666667 39.133333 -1.343518
02441,59.444444 39.126667 -1.354053
02442,59.222222 39.120000 -1.364597
02443,59.000000 39.113333 -1.375149
02444,58.777778 39.106667 -1.385705
02445,58.555556 39.100000 -1.396263
02446,58.333333 39.093333 -1.406822
02447,58.111111 39.086667 -1.417378
02448,57.888889 39.080000 -1.427930
02449,57.666667 39.073333 -1.438474
02450,57.444444 39.066667 -1.449009
02451,57.222222 39.060000 -1.459533
02452,57.000000 39.053333 -1.470042
02453,56.777778 39.046667 -1.480535
02454,56.555556 39.040000 -1.491010
02455,56.333333 39.033333 -1.501463
02456,56.111111 39.026667 -1.511894
02457,55.888889 39.020000 -1.522299
02458,55.666667 39.013333 -1.532677
02459,55.444444 39.006667 -1.543026
02460,55.222222 39.000000 -1.553343
02461,55.129630 38.990000 -1.557117
02462,55.037037 38.980000 -1.560893
02463,54.944444 38.970000 -1.564670
02464,54.851852 38.960000 -1.568449
02465,54.759259 38.950000 -1.572228
02466,54.666667 38.940000 -1.576009
02467,54.574074 38.930000 -1.579791
02468,54.481481 38.920000 -1.583573
02469,54.388889 38.910000 -1.587356
02470,54.296296 38.900000 -1.591140
02471,54.203704 38.890000 -1.594925
02472,54.111111 38.880000 -1.598710
02473,54.018519 38.870000 -1.602495
02474,53.925926 38.860000 -1.606281
02475,53.833333 38.850000 -1.610066
02476,53.740741 38.840000 -1.613852
02477,53.648148 38.830000 -1.617637
02478,53.555556 38.820000 -1.621423
02479,53.462963 38.810000 -1.625208
02480,53.370370 38.800000 -1.628992
02481,53.277778 38.790000 -1.632776
02482,53.185185 38.780000 -1.636559
02483,53.092593 38.770000 -1.640342
02484,53.000000 38.760000 -1.644124
02485,52.907407 38.750000 -1.647904
02486,52.814815 38.740000 -1.651684
02487,52.722222 38.730000 -1.655462
02488,52.629630 38.720000 -1.659239
02489,52.537037 38.710000 -1.663015
02490,52.444444 38.700000 -1.666789
